tomaszchabinka commented on Sep 6, 2016 •
edited
Description
I have run:
DBSCAN(eps=0.4, metric="precomputed", min_samples=5).fit(matrix)
with matrix [output of print(matrix)] available here.
In result I received following labels array with 9 clusters. One of them have only 4 elements and another one only 2. As far as I understand it shouldn't be possible when min_samples=5
[-1 -1 -1 -1 0 -1 1 2 1 1 1 1 -1 -1 -1 2 -1 0 -1 -1 2 -1 -1 -1 0
-1 -1 -1 0 0 -1 -1 -1 -1 -1 0 -1 1 -1 -1 -1 2 0 1 -1 2 0 -1 -1 2
-1 -1 0 -1 -1 -1 -1 2 -1 -1 -1 -1 -1 -1 2 3 -1 -1 -1 -1 -1 -1 -1 -1 -1
-1 -1 -1 -1 -1 -1 -1 -1 -1 -1 -1 -1 -1 -1 -1 -1 -1 -1 -1 -1 1 1 -1 0 1
1 -1 0 -1 -1 -1 -1 -1 -1 3 0 0 1 -1 0 2 -1 -1 -1 -1 0 1 0 -1 0
-1 2 -1 -1 0 0 0 -1 2 0 3 -1 2 2 -1 2 0 -1 3 -1 -1 0 -1 -1 0
-1 -1 -1 -1 -1 -1 -1 -1 -1 -1 2 -1 -1 -1 -1 2 -1 -1 -1 -1 7 -1 1 -1 1
-1 1 1 -1 1 -1 -1 1 5 -1 -1 1 7 -1 -1 -1 -1 7 1 1 1 -1 -1 1 1
-1 1 -1 -1 -1 1 -1 -1 -1 1 -1 4 1 1 4 1 1 1 1 1 -1 -1 1 -1 -1
0 1 -1 1 -1 -1 -1 1 -1 -1 -1 -1 -1 -1 1 1 1 -1 1 -1 0 3 1 -1 -1
1 -1 -1 1 1 1 1 1 1 -1 -1 1 1 -1 0 -1 -1 -1 -1 -1 -1 1 1 -1 1
1 1 1 1 1 1 1 -1 -1 3 1 1 -1 -1 -1 1 -1 1 1 1 -1 1 1 5 1
1 5 1 1 1 6 1 1 -1 6 -1 -1 3 -1 -1 -1 -1 5 -1 1 5 1 -1 -1 -1
1 -1 -1 1 -1 1 1 1 -1 6 5 5 -1 5 -1 5 3 -1 2 2 0 -1 -1 -1 -1
-1 -1 1 -1 -1 -1 4 1 -1 2 -1 -1 -1 -1 -1 -1 -1 1 1 1 0 2 -1 1 -1
-1 1 -1 1 2 -1 0 -1 -1 -1 -1 1 1 1 -1 -1 2 -1 1 -1 1 1 -1 -1 1
-1 -1 -1 1 1 1 -1 1 -1 -1 -1 -1 -1 1 1 -1 -1 7 2 -1 1 7 7 0 0
3 8 -1 -1 2 0 7 1 -1 1 1 1 7 1 -1 7 7 1 -1 -1 1 1 1 1 1
1 1 -1 -1 1 1 1 1 1 1 -1 1 1 1 1 1 1 1 1 6 6 6 -1 -1 4
-1 1 1 -1 1 -1 -1 -1 1 -1 1 1 -1 -1 1 -1 -1 -1 1 1 8 -1 7 -1 -1
-1 -1]