ahoyosid commented on Nov 30, 2015
Hello, I'm aware that the cross_validation module is going to be deprecated in the next version, but anyhow I'd like to point out a bug that cost me some time (with respect to simulations).
The StratiffiedShuffleSplit only uses the test_size parameter.
Here an exaple:
import numpy as np
from sklearn.cross_validation import StratifiedShuffleSplit
y = np.array([-1, -1, -1, 1, 1, -1, 1, -1, 1, -1, 1, -1, -1, 1, 1, 1, 1, -1, -1, -1, -1, 1, -1, -1, -1, 1, -1, 1, 1, -1, 1, -1, 1, -1, 1, -1, -1, 1, 1, -1, 1, 1, -1, -1, -1, -1, -1, -1, -1, -1, -1, -1, -1, 1, -1, -1, 1, -1, 1, -1, -1, 1, -1, -1, -1, -1, 1, -1, -1, -1, -1, -1, -1, -1, -1, -1, -1, -1, -1, -1, 1, -1, 1, -1, 1, -1, 1, -1, -1, 1, 1, -1, -1, 1, -1, 1, 1, -1, 1, 1, -1, -1, 1, 1, -1, 1, 1, 1, 1, -1, 1, -1, 1, 1, 1, 1, 1, 1, -1, 1, 1, -1, -1, 1, -1, -1, 1, 1, 1, 1, 1, -1, -1, 1, -1, -1, -1, 1, 1, -1, 1, -1, 1, -1, -1, -1, -1, -1, -1, -1, -1, -1, 1, 1, 1, -1, -1, -1, -1, -1, -1, 1, 1, -1, -1, 1, 1, 1, 1, -1, -1, -1, -1, -1, -1, 1, -1, -1, -1, -1, 1, 1, -1, 1, -1, -1, -1, 1, -1, -1, 1, -1, -1, -1, -1, -1, 1, -1, 1, -1, -1, -1, -1, -1, 1, -1, 1, 1, -1, -1, -1, -1, -1, -1, 1, -1, -1, 1, -1, 1, -1, -1, -1, 1, -1, -1, 1, 1, 1, 1, 1, -1, 1, 1, 1, -1, -1, -1, -1, -1, 1, 1, -1, -1, -1, 1, -1, -1, 1, -1, 1, -1, 1, -1, -1, -1, -1, -1, -1, -1, -1, 1, -1, 1, -1, 1, 1, 1, -1, -1, -1, -1, -1, 1, 1, -1, 1, 1, 1, 1, -1, -1, -1, -1, 1, 1, -1, -1, -1, 1, 1, -1, -1, 1, 1, -1, 1, -1, -1, 1, 1, -1, 1, -1, -1, 1, 1, -1, 1, 1, -1, -1, -1, 1, 1, 1, -1, 1, 1, -1, -1, 1, -1, 1, -1, 1, -1, -1, 1, 1, 1, -1, -1, -1, 1, -1, 1, -1, 1, -1, -1, -1, 1, 1, -1, -1, -1, 1, -1, 1, 1, -1, -1, -1, 1, -1, 1, -1, -1, -1, 1, -1, -1, -1, -1, -1, -1, 1, -1, -1, -1, -1, 1, 1, -1, -1, -1, 1, -1, -1, 1, -1, 1, -1, -1, 1, 1, 1, -1, -1, -1, -1, -1, -1, -1, -1, 1, 1, 1, -1, -1, -1, 1])
cv = StratifiedShuffleSplit(y, n_iter=3, train_size=0.5, random_state=5)
for train, test in cv: print train.shape, test.shape
(201,) (41,)
(201,) (41,)
(201,) (41,)
cv = StratifiedShuffleSplit(y, n_iter=3, test_size=0.5, random_state=5)
for train, test in cv: print train.shape, test.shape
(201,) (202,)
(201,) (202,)
(201,) (202,)
Thank you !
best