emsi commented on 10 Mar 2017 •
edited
imdb.load_data() is not working properly. Per documentation setting nb_words should return:
Top most frequent words to consider. Any less frequent word will appear as 0 in the sequence data.
Whereas when I set it to low value it produces 2s , not 0s:
(X_train, y_train), (X_test, y_test) = imdb.load_data(nb_words=10)

X_train[:2]

array([ [1, 2, 2, 2, 2, 2, 2, 2, 2, 2, 2, 2, 2, 2, 4, 2, 2, 2, 5, 2, 2, 2, 2, 2, 2, 2, 2, 9, 2, 2, 2, 5, 2, 4, 2, 2, 2, 2, 2, 2, 2, 4, 2, 2, 2, 2, 2, 2, 2, 2, 4, 2, 2, 2, 6, 2, 2, 2, 2, 2, 4, 2, 2, 2, 4, 2, 2, 2, 2, 2, 2, 2, 2, 2, 2, 2, 2, 4, 2, 2, 2, 2, 2, 2, 2, 2, 2, 5, 2, 2, 2, 8, 2, 8, 2, 5, 4, 2, 2, 2, 2, 2, 2, 2, 4, 2, 2, 2, 2, 2, 5, 2, 2, 2, 2, 2, 2, 2, 2, 2, 6, 2, 2, 2, 2, 2, 2, 5, 2, 2, 2, 2, 2, 8, 4, 2, 2, 2, 2, 2, 4, 2, 7, 2, 5, 2, 2, 2, 2, 2, 2, 2, 2, 2, 2, 7, 4, 2, 2, 2, 2, 2, 4, 2, 2, 2, 2, 2, 2, 2, 2, 2, 6, 2, 2, 2, 4, 2, 2, 2, 2, 2, 2, 2, 5, 2, 2, 2, 2, 2, 2, 2, 2, 2, 2, 2, 4, 2, 2, 2, 2, 2, 2, 2, 2, 2, 5, 2, 2, 2, 2, 2, 2, 2, 2, 2, 2, 2],
       [1, 2, 2, 2, 2, 2, 2, 5, 6, 2, 2, 2, 2, 2, 4, 2, 8, 2, 2, 2, 2, 2, 2, 2, 2, 2, 2, 5, 2, 2, 2, 2, 2, 2, 2, 8, 2, 2, 7, 4, 2, 2, 2, 4, 2, 9, 2, 2, 5, 2, 4, 2, 9, 2, 2, 4, 2, 9, 2, 2, 4, 2, 9, 4, 2, 2, 2, 4, 2, 5, 2, 2, 2, 2, 2, 4, 2, 9, 2, 2, 2, 2, 2, 2, 4, 2, 2, 2, 5, 2, 2, 2, 2, 4, 2, 9, 2, 2, 7, 2, 2, 2, 2, 2, 2, 2, 2, 2, 2, 2, 2, 2, 2, 2, 2, 2, 2, 2, 5, 4, 2, 9, 2, 2, 2, 2, 2, 2, 5, 2, 2, 2, 2, 2, 2, 2, 9, 2, 2, 2, 5, 2, 2, 2, 2, 5, 4, 2, 2, 2, 2, 2, 2, 2, 2, 2, 2, 9, 6, 2, 2, 2, 2, 2, 2, 9, 8, 2, 2, 2, 4, 2, 2, 2, 4, 2, 5, 2, 6, 2, 2, 2, 2, 2, 2, 2, 2, 2, 2]], dtype=object)